2460966.5011530956 0.000173611 1.0068991490546821 0.003826719317319318 1 1
2460966.501455961 0.000173611 0.9936227348513327 0.0038138964514966827 1 1
2460966.501758581 0.000173611 0.9802848144783604 0.0037530288046517374 1 1
2460966.502061214 0.000173611 0.976827712652142 0.0037857424405239285 1 1
2460966.5023638234 0.000173611 0.9612011358993939 0.003850512546128974 1 1
2460966.5026664217 0.000173611 0.9440448674344901 0.0037406430705909577 1 1
2460966.5029697604 0.000173611 0.9280086518240909 0.0037419198118836257 1 1
2460966.503271988 0.000173611 0.9196211643058604 0.0037311384172545718 1 1
2460966.5035746787 0.000173611 0.9016326414609981 0.003838861138715912 1 1
2460966.5038772537 0.000173611 0.8821966060556053 0.0037974009950662965 1 1
2460966.50417991 0.000173611 0.859911600529874 0.0036924183803939267 1 1
2460966.5044824616 0.000173611 0.8464244647899033 0.003620065331316886 1 1
2460966.504785071 0.000173611 0.8222078892144757 0.0037010796217069146 1 1
2460966.505087982 0.000173611 0.8011482877806548 0.003553117626393042 1 1
2460966.505390522 0.000173611 0.789257942066481 0.003527952007656603 1 1
2460966.5056931432 0.000173611 0.7787177930152341 0.0035214633083007767 1 1
2460966.5059957528 0.000173611 0.762891734586778 0.003632358527912374 1 1
2460966.5062983395 0.000173611 0.7421043087448005 0.003568751388130638 1 1
2460966.5066009373 0.000173611 0.7257309177625161 0.003684054640331375 1 1
2460966.5069035124 0.000173611 0.720913145800857 0.0036916741992549756 1 1
2460966.507206423 0.000173611 0.7222135651151779 0.0038190266486305487 1 1
2460966.5075089633 0.000173611 0.7191717429388532 0.003547941761175369 1 1
2460966.507811492 0.000173611 0.7373201983835486 0.003643803475254264 1 1
2460966.5081140897 0.000173611 0.7509143826033721 0.0037986709944145174 1 1
2460966.5084166997 0.000173611 0.7653062803477172 0.0036071646788410497 1 1
2460966.5087193092 0.000173611 0.7780285815189775 0.0036645578345511644 1 1
2460966.509021896 0.000173611 0.8087822359888616 0.003722587856409909 1 1
2460966.509324853 0.000173611 0.8261633461756236 0.0037596591542930946 1 1
2460966.509627416 0.000173611 0.8415856615509437 0.0037389549771190502 1 1
2460966.509929991 0.000173611 0.8531792670778608 0.003712700981907478 1 1
2460966.5102326004 0.000173611 0.8894561467244659 0.0038041486019560243 1 1
2460966.510535152 0.000173611 0.8928326662338385 0.0038637626002250374 1 1
2460966.510838109 0.000173611 0.9014825750355006 0.0038701697559990044 1 1
2460966.511140684 0.000173611 0.9315176209614988 0.004058707303793547 1 1
2460966.511443317 0.000173611 0.9435103820804285 0.0038052420657669326 1 1
2460966.5117459497 0.000173611 0.9675994707572366 0.004090268676400589 1 1
2460966.5120485825 0.000173611 0.9682543354774451 0.004026802936574504 1 1
2460966.5123512037 0.000173611 0.9806566333798145 0.004089138633677068 1 1
2460966.5126538365 0.000173611 0.9926001040483846 0.004086482760560112 1 1
2460966.512956782 0.000173611 1.0059698211088142 0.003944678772547001 1 1
2460966.51325938 0.000173611 1.0146408255415509 0.004044659805700765 1 1
2460966.5135619547 0.000173611 1.0280118712293325 0.004372285449737577 1 1
2460966.5138645647 0.000173611 1.032151975180142 0.004314990943899978 1 1
2460966.5141671277 0.000173611 1.0454651475840568 0.004233678352451762 1 1
2460966.5144697605 0.000173611 1.04973402882833 0.003907565722885874 1 1
2460966.5147723355 0.000173611 1.0568498803132003 0.004116331615037915 1 1
2460966.515075281 0.000173611 1.0612370434587608 0.0039222254737833005 1 1
2460966.515377821 0.000173611 1.0712788851896475 0.004002367712402473 1 1
2460966.515680431 0.000173611 1.0840274324139014 0.0040566238577335505 1 1
2460966.5159830404 0.000173611 1.0853487465332838 0.004152310622597858 1 1
2460966.51628565 0.000173611 1.0895416554590382 0.0040445987682058825 1 1
2460966.5165882134 0.000173611 1.0974080145217249 0.0041557454838307 1 1
2460966.516890846 0.000173611 1.0941873551154189 0.004048125569649771 1 1
2460966.517193699 0.000173611 1.1129710881103771 0.004124245877354112 1 1
2460966.5174963083 0.000173611 1.1087932732252272 0.004055362216258655 1 1
2460966.517798895 0.000173611 1.1111286814568517 0.003952895309313267 1 1
2460966.518101447 0.000173611 1.0998101785422902 0.003998250451399073 1 1
2460966.5184040447 0.000173611 1.1106621847449125 0.004109065480052095 1 1
2460966.518707048 0.000173611 1.1140491519599744 0.00401739034034922 1 1
2460966.5190096344 0.000173611 1.1036342390550178 0.00392974145309613 1 1
2460966.519312198 0.000173611 1.1040727931269207 0.003874130797053662 1 1
2460966.5196148073 0.000173611 1.0987628484898193 0.004091279085497657 1 1
2460966.5199174057 0.000173611 1.0947049588559459 0.0039571574325117 1 1
2460966.520220015 0.000173611 1.096620641630886 0.0038706596790455783 1 1
2460966.520522613 0.000173611 1.0853673002366826 0.003914751623350357 1 1
2460966.5208255583 0.000173611 1.0859113019702222 0.003933468246254839 1 1
2460966.521128168 0.000173611 1.0804332255632438 0.0039569666133804455 1 1
2460966.521430778 0.000173611 1.085228695544405 0.0041388284392512385 1 1
2460966.521733399 0.000173611 1.0675524840268338 0.0039981475147729244 1 1
2460966.52203602 0.000173611 1.0756659380000364 0.004032239573915724 1 1
2460966.5223386874 0.000173611 1.067910075206181 0.004207089685408566 1 1
2460966.5226412974 0.000173611 1.051715983748107 0.003940826836865832 1 1
2460966.5229442194 0.000173611 1.040566997219495 0.003886565739189636 1 1
2460966.523246771 0.000173611 1.0355666975970825 0.0037557422826985927 1 1
2460966.5235493816 0.000173611 1.0326160588414928 0.003821074130339916 1 1
2460966.523851956 0.000173611 1.0366296148989351 0.003939373771164975 1 1
2460966.524154532 0.000173611 1.0182533169241479 0.003828212932486401 1 1
2460966.5244571287 0.000173611 1.019716557063394 0.0038911038879426174 1 1
2460966.52475975 0.000173611 0.9938768838851513 0.0037915805686964212 1 1
2460966.525062695 0.000173611 0.9882992220145345 0.003776321299696707 1 1
2460966.5253652586 0.000173611 0.9839162837922195 0.003827489370575298 1 1
2460966.525667833 0.000173611 0.9845463997782049 0.0037603608322686814 1 1
2460966.5259703966 0.000173611 0.9799497614599907 0.003726982437680678 1 1
2460966.5262726825 0.000173611 0.970986400866323 0.0037269399866695346 1 1
2460966.5265755467 0.000173611 0.9553107967352981 0.003747386883647888 1 1
2460966.5268782023 0.000173611 0.9569583846494819 0.00383657557064878 1 1
2460966.5271807774 0.000173611 0.9466025441525312 0.00391768176962245 1 1
2460966.527483341 0.000173611 0.9402460506523741 0.003821553243915975 1 1
2460966.5277859503 0.000173611 0.9316044991749796 0.0038073667865277452 1 1
2460966.528088641 0.000173611 0.9216405888640208 0.003875608507229246 1 1
2460966.5283912392 0.000173611 0.9191205353190499 0.0037937255718839976 1 1
2460966.528694173 0.000173611 0.9089917734894303 0.0037511588215612315 1 1
2460966.528996794 0.000173611 0.9104802582361693 0.0037317341650901187 1 1
2460966.5292993574 0.000173611 0.9084862203975376 0.0036959296586273472 1 1
2460966.52960199 0.000173611 0.9122029243115242 0.0037008149384366333 1 1
2460966.529904553 0.000173611 0.9108546503500148 0.0037051644337935197 1 1
2460966.5302071283 0.000173611 0.9121135491129181 0.0037592287107622298 1 1
2460966.530509738 0.000173611 0.9198803169338307 0.0037630789653384966 1 1
2460966.5308126486 0.000173611 0.9292108951610901 0.003693556860382318 1 1
2460966.531115223 0.000173611 0.9355524933401898 0.003934150780766686 1 1
2460966.5314177633 0.000173611 0.9401442964833043 0.003916318645257306 1 1
2460966.5317200143 0.000173611 0.9396882136877859 0.003746831127580714 1 1
2460966.532022601 0.000173611 0.9462416439618262 0.0037232341805114658 1 1
2460966.532325199 0.000173611 0.9604236997972473 0.003834164956346577 1 1
2460966.53262782 0.000173611 0.9568585369551552 0.0038926136726099253 1 1
2460966.5329307653 0.000173611 0.960165430001457 0.003976276669525591 1 1
2460966.5332333404 0.000173611 0.9797217131096613 0.003921090777769407 1 1
2460966.5335359843 0.000173611 0.980848482772463 0.003836092339490127 1 1
2460966.5338385245 0.000173611 0.9872147442161991 0.003920170924075109 1 1
2460966.5341410763 0.000173611 0.9969165112617038 0.003893902563041119 1 1
2460966.534444045 0.000173611 1.0055815695718342 0.0038851049154258787 1 1
2460966.5347466893 0.000173611 1.0130219944597454 0.004037789594880334 1 1
2460966.535049264 0.000173611 1.0149631418942242 0.003929429365472387 1 1
2460966.535351839 0.000173611 1.0301709325576727 0.003983227055264097 1 1
2460966.5356544023 0.000173611 1.0413039392151355 0.004144892027503954 1 1
2460966.535957 0.000173611 1.0506776823577855 0.004179534959026948 1 1
2460966.5362594826 0.000173611 1.0608991668995764 0.0041744672849451415 1 1
2460966.5365624395 0.000173611 1.058266418210848 0.00415485417801452 1 1
2460966.5368649797 0.000173611 1.0712436486035386 0.004182396877335053 1 1
2460966.537167624 0.000173611 1.0727060859525697 0.00404275725316829 1 1
2460966.5374702914 0.000173611 1.0763921911027496 0.004130099493450429 1 1
2460966.5377728892 0.000173611 1.0891377953882884 0.004168923330986583 1 1
2460966.5380755337 0.000173611 1.0766826974609174 0.0041909212308346554 1 1
2460966.5383781204 0.000173611 1.0926942492464422 0.004210972887151236 1 1
2460966.538681077 0.000173611 1.103448334383324 0.004254748846442745 1 1
2460966.538983687 0.000173611 1.109292100418242 0.004154170342920901 1 1
2460966.539286273 0.000173611 1.105302232470881 0.004223331693698885 1 1
2460966.53958856 0.000173611 1.0961909946228212 0.004075341389856348 1 1
2460966.5398911336 0.000173611 1.1067289669485427 0.004108011521912935 1 1
2460966.5401940905 0.000173611 1.1060636593135413 0.004271751530067507 1 1
2460966.5404966893 0.000173611 1.1133269855773875 0.004396555172677462 1 1
2460966.540799298 0.000173611 1.1012685938365698 0.004122047843407793 1 1
2460966.541101896 0.000173611 1.0920570478456828 0.004181443037971757 1 1
2460966.5414045057 0.000173611 1.0904444950662213 0.00416623876461051 1 1
2460966.541707092 0.000173611 1.0927028289183638 0.0041733818340674 1 1
2460966.542009713 0.000173611 1.084315880550478 0.004149049960527743 1 1
2460966.5423126006 0.000173611 1.0774917660874892 0.004126415779840678 1 1
2460966.54261521 0.000173611 1.076335679679659 0.004174620756930796 1 1
2460966.542917843 0.000173611 1.0653964386666943 0.004080211609834785 1 1
2460966.543220441 0.000173611 1.0531343940268691 0.004152210884591612 1 1
2460966.543523016 0.000173611 1.0481206816493038 0.0040849465311069266 1 1
2460966.543825683 0.000173611 1.0480060876717245 0.004127403934740397 1 1
2460966.54412827 0.000173611 1.0384794452157446 0.004164445085474728 1 1
2460966.544431227 0.000173611 1.0232506811983992 0.00418427473041062 1 1
2460966.5447337786 0.000173611 1.0110059724864637 0.0044438591218219975 1 1
2460966.5450363765 0.000173611 0.9877604967946672 0.00418849250243962 1 1
2460966.5453390093 0.000173611 0.9971187197379533 0.004082367710860092 1 1
2460966.5456416532 0.000173611 0.9876970917671306 0.004074899785315308 1 1
2460966.545944286 0.000173611 0.9774240695687872 0.004255429729199956 1 1
2460966.546246861 0.000173611 0.9640798930027169 0.004094302525044891 1 1
2460966.5465498064 0.000173611 0.9557090353469112 0.004245029582642404 1 1
2460966.546852416 0.000173611 0.9419183437081431 0.004039291642406296 1 1
2460966.547155118 0.000173611 0.926041988408002 0.00410850290701888 1 1
2460966.5474577392 0.000173611 0.9207820744880825 0.004076923211962693 1 1
2460966.5477603027 0.000173611 0.8934903426229687 0.004196568224268892 1 1
2460966.548062924 0.000173611 0.8855457726548369 0.004180228873067691 1 1
2460966.5483655566 0.000173611 0.8707003612533625 0.0040110444775665974 1 1
2460966.548668467 0.000173611 0.8490147050919631 0.003978919285571498 1 1
2460966.548971007 0.000173611 0.8238179394913621 0.004099808931243419 1 1
2460966.549273663 0.000173611 0.8168213225654475 0.004104364501756831 1 1
2460966.549576226 0.000173611 0.7955878630648903 0.004150474950747738 1 1
2460966.5498788706 0.000173611 0.7659020630897639 0.004014561432247541 1 1
2460966.5501814685 0.000173611 0.7527786064548962 0.0041493429608630795 1 1
2460966.5504840896 0.000173611 0.739005846515884 0.00392464612034519 1 1
2460966.550786989 0.000173611 0.7341876629540052 0.004128952003001908 1 1
2460966.5510895867 0.000173611 0.7159418625205832 0.004174496758663104 1 1
2460966.551392196 0.000173611 0.7230281710485779 0.004011291834082737 1 1
2460966.5516948057 0.000173611 0.7135121922265453 0.0038177145195363057 1 1
2460966.5519973575 0.000173611 0.7220076520462307 0.0038601468123882748 1 1
2460966.5523002795 0.000173611 0.7298392750775072 0.0039396200544742285 1 1
2460966.5526028313 0.000173611 0.7537880084471816 0.003861834767490192 1 1
2460966.552905441 0.000173611 0.7663019214830797 0.0038195809536533992 1 1
2460966.553208097 0.000173611 0.7917139307474791 0.003907559869132809 1 1
2460966.5535106948 0.000173611 0.8162707001946399 0.0039798396953531654 1 1
2460966.55381327 0.000173611 0.8279677377293336 0.003946015387849787 1 1
2460966.5541158793 0.000173611 0.8426358271597217 0.003936782928674835 1 1
2460966.554418813 0.000173611 0.8557132982743189 0.003926769827262414 1 1
2460966.5547213997 0.000173611 0.869248985790827 0.003940068938710464 1 1
2460966.555023951 0.000173611 0.8945835639700939 0.004023297492424639 1 1
2460966.555326561 0.000173611 0.9040045487230818 0.004037124517346875 1 1
2460966.555629124 0.000173611 0.9195195345834697 0.003988325888157482 1 1
2460966.5559317106 0.000173611 0.9301129326796392 0.004035352774644385 1 1
2460966.5562342852 0.000173611 0.9474552202123049 0.004130046030023475 1 1
2460966.556537207 0.000173611 0.9624982532398741 0.004031412702701184 1 1
2460966.556839759 0.000173611 0.9725763219491436 0.0040052980992421015 1 1
2460966.5571423224 0.000173611 0.9871599830241096 0.004087916764855643 1 1
2460966.5574449436 0.000173611 0.9913897679854823 0.00403513256349945 1 1
2460966.5577474954 0.000173611 1.0005203462778853 0.004162273595942157 1 1
2460966.5580501165 0.000173611 1.0062296497757999 0.004160676783352911 1 1
2460966.558352691 0.000173611 1.0275635328295827 0.004060774610200654 1 1
2460966.5586556597 0.000173611 1.0216217056609267 0.004133793420589816 1 1
2460966.558958246 0.000173611 1.0288299523376974 0.004122740546891703 1 1
2460966.5592605434 0.000173611 1.0452781352075193 0.00418785023570077 1 1
2460966.5595631646 0.000173611 1.0552745103272911 0.004195095042037496 1 1
2460966.5598657625 0.000173611 1.057142732807092 0.004182996392854702 1 1
2460966.560168673 0.000173611 1.0701501438245966 0.004180392945514421 1 1
2460966.5604712707 0.000173611 1.0695810516595516 0.004212503468920067 1 1
2460966.5607738458 0.000173611 1.0754828982826332 0.004192122954474049 1 1
2460966.561076467 0.000173611 1.079624625234677 0.0041218487166579205 1 1
2460966.561379065 0.000173611 1.0875768275308095 0.004150671939966677 1 1
2460966.5616816627 0.000173611 1.0887647547835928 0.004241576737570597 1 1
2460966.561984261 0.000173611 1.0867939535607598 0.004163681431854389 1 1
2460966.5622872063 0.000173611 1.0873580105631702 0.004263951671210422 1 1
2460966.5625897693 0.000173611 1.1005229742396545 0.004279062808263909 1 1
2460966.562892321 0.000173611 1.0898120146676264 0.004260595771688464 1 1
2460966.5631948845 0.000173611 1.0875074542046326 0.004277739021431221 1 1
2460966.5634974823 0.000173611 1.0917693858057032 0.004177119288841936 1 1
2460966.563800416 0.000173611 1.0993467681767493 0.004249968337999888 1 1
2460966.5641030255 0.000173611 1.0874517355631321 0.0041056850525696105 1 1
2460966.5644056234 0.000173611 1.0919365505294136 0.004161930073503617 1 1
2460966.56470821 0.000173611 1.0845608010446324 0.0041461592505183135 1 1
2460966.565010843 0.000173611 1.0800062571114115 0.004074235154792105 1 1
2460966.5653133714 0.000173611 1.0718043733180682 0.004090780848959135 1 1
2460966.5656159692 0.000173611 1.0680551207309765 0.004075099169494567 1 1
2460966.5659189145 0.000173611 1.0533304390914198 0.0041417747976271275 1 1
2460966.5662214546 0.000173611 1.0562277399032232 0.004113272842881466 1 1
2460966.5665240875 0.000173611 1.0505642298420776 0.004081776814832693 1 1
2460966.5668266853 0.000173611 1.036181862622881 0.004141852342670904 1 1
2460966.5671292604 0.000173611 1.03362411387167 0.004069046139432255 1 1
2460966.5674318927 0.000173611 1.0294244695382568 0.004170282206050214 1 1
2460966.5677344794 0.000173611 1.0208392040825174 0.004109470695559185 1 1
2460966.568037378 0.000173611 1.0162216392347703 0.004070065830993089 1 1
2460966.5683399993 0.000173611 1.0104084300585217 0.004106902772589298 1 1
2460966.568642586 0.000173611 1.0013296142412589 0.004105285610122509 1 1
2460966.568945184 0.000173611 0.9842962190699759 0.004132676765097937 1 1
2460966.5692477585 0.000173611 0.9879087998170651 0.004101971286384398 1 1
2460966.5695503345 0.000173611 0.9754927090428595 0.004076601258799758 1 1
2460966.56985292 0.000173611 0.9651964828558456 0.004029884633641871 1 1
2460966.5701558534 0.000173611 0.9519383183817666 0.003989381956166101 1 1
2460966.57045844 0.000173611 0.9525358042594224 0.004034587186264362 1 1
2460966.5707610496 0.000173611 0.9420277810659936 0.00400851084134804 1 1
2460966.571063555 0.000173611 0.9429577603054599 0.0040483799664295435 1 1
2460966.5713661066 0.000173611 0.9375546883639952 0.0039864191453810194 1 1
2460966.5716687045 0.000173611 0.9243896071579043 0.004026374763964689 1 1
2460966.571971291 0.000173611 0.9228768843096158 0.003976263435144954 1 1
2460966.572274213 0.000173611 0.9123916877455728 0.003940942459994633 1 1
2460966.572576788 0.000173611 0.9074760075303925 0.003981974542466487 1 1
2460966.5728793745 0.000173611 0.9052928082518539 0.003938391369784947 1 1
2460966.573181949 0.000173611 0.9050441642601931 0.0039338841463881676 1 1
2460966.5734845125 0.000173611 0.8996291868381721 0.003946400972200546 1 1
2460966.5737870876 0.000173611 0.9093778827547665 0.0039323001664940205 1 1
2460966.5740896855 0.000173611 0.9039266443307351 0.00395778272252597 1 1
2460966.5743926074 0.000173611 0.9019254589537749 0.00392371916899116 1 1
2460966.5746952286 0.000173611 0.9081945159764705 0.003938523448279402 1 1
2460966.5749978498 0.000173611 0.9186802827927555 0.00395831325591395 1 1
2460966.5753004835 0.000173611 0.9187717275689704 0.003944821769655251 1 1
2460966.5756030804 0.000173611 0.9241763124170741 0.004051179231265669 1 1
2460966.575905933 0.000173611 0.9327981108631634 0.00404466376324552 1 1
2460966.576208496 0.000173611 0.9471823210619279 0.004074614089151726 1 1
2460966.576511106 0.000173611 0.9535990330197932 0.004020273167025171 1 1
2460966.5768137383 0.000173611 0.9653076256126375 0.004112635951492306 1 1
2460966.577116325 0.000173611 0.9636207095452246 0.004042832886502498 1 1
2460966.577418946 0.000173611 0.9703352381790724 0.0040163341701338435 1 1
2460966.5777215674 0.000173611 0.9859548492722617 0.004090517967344855 1 1
2460966.5780244777 0.000173611 0.9889875597900175 0.004090989203731966 1 1
2460966.578326717 0.000173611 0.9976205856950329 0.004113094890387648 1 1
2460966.5786293033 0.000173611 1.006317358531204 0.004096465498464346 1 1
2460966.578931913 0.000173611 1.0043005545616868 0.00412368048823138 1 1
2460966.579234488 0.000173611 1.0178661652066967 0.004142551804585395 1 1
2460966.579537074 0.000173611 1.0264374466992172 0.004044607123912446 1 1
2460966.5798396603 0.000173611 1.0326044323241916 0.004159794264542307 1 1
2460966.580142548 0.000173611 1.030000010816659 0.004093003255614722 1 1
2460966.5804451224 0.000173611 1.045736792261022 0.004201943727730446 1 1
2460966.580747721 0.000173611 1.0632416906596491 0.004252435277405438 1 1
2460966.5810503997 0.000173611 1.054359456390402 0.004217407628927047 1 1
2460966.58135294 0.000173611 1.0645950440401668 0.004282800902890289 1 1
2460966.5816555955 0.000173611 1.0570802040363931 0.004232812272369965 1 1
2460966.581958205 0.000173611 1.082132898853735 0.004357830414716514 1 1
2460966.5822611735 0.000173611 1.0765675103301435 0.004301102684058665 1 1
2460966.582563748 0.000173611 1.0739083792002873 0.0042643795110627455 1 1
2460966.5828663 0.000173611 1.0871401940900967 0.004333263505231239 1 1
2460966.583168898 0.000173611 1.0825488571350417 0.0043089837907468904 1 1
2460966.583471473 0.000173611 1.0947536027705065 0.004257352561243296 1 1
2460966.5837740824 0.000173611 1.098837564029775 0.004343862969193279 1 1
2460966.5840766686 0.000173611 1.0944081112688997 0.004386433411000244 1 1
2460966.584379614 0.000173611 1.1062555287651954 0.004379780238518113 1 1
2460966.584681911 0.000173611 1.0943452801426876 0.004338328820185446 1 1
2460966.5849844976 0.000173611 1.1011140627957996 0.004407199436419637 1 1
2460966.585287119 0.000173611 1.0958253559824158 0.004407112107589298 1 1
2460966.5855897283 0.000173611 1.092218652843703 0.0044308675883994635 1 1
2460966.5858923146 0.000173611 1.0845178449040729 0.0044844617552211715 1 1
2460966.586800444 0.000173611 1.0792861301838135 0.004468200777744691 1 1
