2455680.5623336113 0.00034722222222222224 0.6568854169374372 0.006846486855621634 1.0 1.0
2455680.562796574 0.00034722222222222224 0.6666252793046936 0.007099782461786624 1.0 1.0
2455680.5632595373 0.00034722222222222224 0.6831820888798992 0.007329983021682629 1.0 1.0
2455680.5637225 0.00034722222222222224 0.6983314637720921 0.0066632525811236324 1.0 1.0
2455680.5641854634 0.00034722222222222224 0.7230131634451468 0.007639130151460734 1.0 1.0
2455680.564648426 0.00034722222222222224 0.758788438020463 0.007242708320483603 1.0 1.0
2455680.565111389 0.00034722222222222224 0.7929522858520747 0.008169688353578269 1.0 1.0
2455680.565574352 0.00034722222222222224 0.8256619754065918 0.009092736477627658 1.0 1.0
2455680.566037315 0.00034722222222222224 0.8737163135877887 0.008643324677678406 1.0 1.0
2455680.566500278 0.00034722222222222224 0.8852721327443153 0.008937426291586444 1.0 1.0
2455680.566963241 0.00034722222222222224 0.9311681619606409 0.009762340022326392 1.0 1.0
2455680.5674262038 0.00034722222222222224 0.9439763075335865 0.008801725481370683 1.0 1.0
2455680.567889167 0.00034722222222222224 0.9686998110771079 0.010461453445588053 1.0 1.0
2455680.56835213 0.00034722222222222224 0.9848610848961983 0.010331644246370154 1.0 1.0
2455680.5688150926 0.00034722222222222224 0.9883446967137571 0.00891674028184239 1.0 1.0
2455680.569278056 0.00034722222222222224 0.9916718287283429 0.010760713114410911 1.0 1.0
2455680.5697410186 0.00034722222222222224 0.9970005384037957 0.009884973308546832 1.0 1.0
2455680.570203982 0.00034722222222222224 0.9971453155312033 0.008033009195939 1.0 1.0
2455680.5706669446 0.00034722222222222224 0.9952270222804346 0.010513368929034848 1.0 1.0
2455680.5711299074 0.00034722222222222224 0.989434173932727 0.010143701439041641 1.0 1.0
2455680.5715928706 0.00034722222222222224 0.989906065304159 0.011316980177198635 1.0 1.0
2455680.5720558334 0.00034722222222222224 0.9946586271367401 0.009652855235604328 1.0 1.0
2455680.5725187967 0.00034722222222222224 0.9881530416386138 0.010534984987185112 1.0 1.0
2455680.5729817594 0.00034722222222222224 0.987271627219945 0.010845118685905672 1.0 1.0
2455680.573444722 0.00034722222222222224 1.0086084655153047 0.0106297853796481 1.0 1.0
2455680.5739076855 0.00034722222222222224 1.0040302290675711 0.01035200243532257 1.0 1.0
2455680.5743706482 0.00034722222222222224 0.9929581818845988 0.00955465710965988 1.0 1.0
2455680.5748336115 0.00034722222222222224 0.9885697032155891 0.010621633802065796 1.0 1.0
2455680.5752965743 0.00034722222222222224 0.9786827684270247 0.009912068238112635 1.0 1.0
2455680.575759537 0.00034722222222222224 0.9932450194631792 0.010372348461098588 1.0 1.0
2455680.5762225003 0.00034722222222222224 1.0061113158529322 0.009649341517713293 1.0 1.0
2455680.576685463 0.00034722222222222224 0.9987561141360691 0.008917516153731734 1.0 1.0
2455680.5771484263 0.00034722222222222224 0.9840254202994345 0.00924642200253598 1.0 1.0
2455680.577611389 0.00034722222222222224 0.9884870241593723 0.008052912257518583 1.0 1.0
2455680.578074352 0.00034722222222222224 1.001714237454492 0.010892726436957443 1.0 1.0
2455680.578537315 0.00034722222222222224 0.9932048230915589 0.011857788272554654 1.0 1.0
2455680.579000278 0.00034722222222222224 0.9965187725537903 0.009691310663842689 1.0 1.0
2455680.579463241 0.00034722222222222224 1.0096007923258352 0.011501629268601838 1.0 1.0
2455680.579926204 0.00034722222222222224 0.9974019396067557 0.008414856051190371 1.0 1.0
2455680.5803891667 0.00034722222222222224 0.9962274315174758 0.010830918011424035 1.0 1.0
2455680.58085213 0.00034722222222222224 0.9933601066823955 0.010534575277719404 1.0 1.0
2455680.5813150927 0.00034722222222222224 0.9769086252951565 0.009985561200318861 1.0 1.0
2455680.5817780555 0.00034722222222222224 1.022828091482633 0.011276279076755165 1.0 1.0
2455680.582241019 0.00034722222222222224 0.9919842093078881 0.010571584803381192 1.0 1.0
2455680.5827039815 0.00034722222222222224 0.9959036302864744 0.007859962799379751 1.0 1.0
2455680.583166945 0.00034722222222222224 1.0070243337781797 0.010474445303735008 1.0 1.0
2455680.5836299076 0.00034722222222222224 0.989225303779462 0.01208447983072991 1.0 1.0
2455680.5840928704 0.00034722222222222224 1.0144970405119902 0.00807229473298751 1.0 1.0
2455680.5845558336 0.00034722222222222224 0.995358027012229 0.008649804430504076 1.0 1.0
2455680.5850187964 0.00034722222222222224 1.0085299494765878 0.00940146128121794 1.0 1.0
2455680.5854817596 0.00034722222222222224 1.0149067580501412 0.010472521564745754 1.0 1.0
2455680.5859447224 0.00034722222222222224 0.9994354853476324 0.009044500763967804 1.0 1.0
2455680.586407685 0.00034722222222222224 1.0031840966992094 0.009593451331915314 1.0 1.0
2455680.5868706484 0.00034722222222222224 1.0078693955773652 0.00995676490343269 1.0 1.0
2455680.587333611 0.00034722222222222224 1.004539255989334 0.012074297843328115 1.0 1.0
2455680.5877965745 0.00034722222222222224 1.0052121395671485 0.009936905661489966 1.0 1.0
2455680.5882595372 0.00034722222222222224 0.9961191885300158 0.010721461686703921 1.0 1.0
2455680.5887225 0.00034722222222222224 1.0049740410566106 0.00933557177717761 1.0 1.0
2455680.5891854633 0.00034722222222222224 0.9990522050029991 0.009948927712653833 1.0 1.0
2455680.589648426 0.00034722222222222224 1.0101736224971316 0.009070934692078035 1.0 1.0
2455680.5901113893 0.00034722222222222224 1.01105080797849 0.010295995687438183 1.0 1.0
2455680.590574352 0.00034722222222222224 0.9799847873451624 0.01055396713810258 1.0 1.0
2455680.591037315 0.00034722222222222224 1.0217941002976476 0.011572081258376339 1.0 1.0
2455680.591500278 0.00034722222222222224 1.023233142060021 0.010202414462824641 1.0 1.0
2455680.591963241 0.00034722222222222224 1.0174179992958086 0.009300736265608253 1.0 1.0
2455680.592426204 0.00034722222222222224 1.0196712556272165 0.011233066161090578 1.0 1.0
2455680.592889167 0.00034722222222222224 1.0203416143560573 0.011424309805931893 1.0 1.0
2455680.5933521297 0.00034722222222222224 1.0331544775388313 0.009788918230887964 1.0 1.0
2455680.593815093 0.00034722222222222224 1.0071510375546935 0.01229988103872448 1.0 1.0
2455680.5942780557 0.00034722222222222224 1.0295632804380912 0.01059538285411895 1.0 1.0
2455680.5947410185 0.00034722222222222224 1.0331305252471155 0.01079692161851364 1.0 1.0
2455680.5952039817 0.00034722222222222224 1.0324549921192676 0.01139442656636783 1.0 1.0
2455680.5956669445 0.00034722222222222224 1.01835928601777 0.010200924223239378 1.0 1.0
2455680.5961299078 0.00034722222222222224 1.028097427638506 0.010155891068612186 1.0 1.0
2455680.5965928705 0.00034722222222222224 1.0329792040009784 0.00957715744877542 1.0 1.0
2455680.5970558333 0.00034722222222222224 1.0274299279397978 0.009631728178522744 1.0 1.0
2455680.5975187966 0.00034722222222222224 1.0176221173111408 0.009608191214222402 1.0 1.0
2455680.5979817593 0.00034722222222222224 1.0639654254742064 0.012677442256067211 1.0 1.0
2455680.5984447226 0.00034722222222222224 1.013418982857825 0.011228653188722433 1.0 1.0
2455680.5989076854 0.00034722222222222224 1.0333415652620086 0.009662470703177337 1.0 1.0
2455680.599370648 0.00034722222222222224 1.0164391684822507 0.010113691992683652 1.0 1.0
2455680.5998336114 0.00034722222222222224 1.0406868454470266 0.010599547342060592 1.0 1.0
2455680.600296574 0.00034722222222222224 1.0530713434946304 0.013324073991370932 1.0 1.0
2455680.6007595374 0.00034722222222222224 1.036472082811072 0.011522874083510028 1.0 1.0
2455680.6012225 0.00034722222222222224 1.0276594216454336 0.009429510440082261 1.0 1.0
2455680.601685463 0.00034722222222222224 1.0499751493495695 0.009040872354888752 1.0 1.0
2455680.602148426 0.00034722222222222224 1.0358847060107785 0.010643750322939304 1.0 1.0
2455680.602611389 0.00034722222222222224 1.0213487097935876 0.008729877909294262 1.0 1.0
2455680.6030743523 0.00034722222222222224 1.0560520550806112 0.01063597357514686 1.0 1.0
2455680.603537315 0.00034722222222222224 1.0415904587784501 0.011648601358742197 1.0 1.0
2455680.604000278 0.00034722222222222224 1.0477983956604482 0.00972958019830572 1.0 1.0
2455680.604463241 0.00034722222222222224 1.042047759449746 0.011143974130163907 1.0 1.0
2455680.604926204 0.00034722222222222224 1.053942418984497 0.010017311384925356 1.0 1.0
2455680.605389167 0.00034722222222222224 1.05716336228493 0.013045997729262038 1.0 1.0
2455680.60585213 0.00034722222222222224 1.0457793006892273 0.010360321674956959 1.0 1.0
2455680.6063150926 0.00034722222222222224 1.0601512357691822 0.010171839953075208 1.0 1.0
2455680.606778056 0.00034722222222222224 1.0517638222399948 0.010556157364464603 1.0 1.0
2455680.6072410187 0.00034722222222222224 1.0418229919470592 0.011428517949876394 1.0 1.0
2455680.6077039815 0.00034722222222222224 1.0529549603099089 0.012329620007972098 1.0 1.0
2455680.6081669447 0.00034722222222222224 1.0651761477729176 0.009472063675493636 1.0 1.0
2455680.6086299075 0.00034722222222222224 1.0781928098087155 0.009062837440983847 1.0 1.0
2455680.6090928707 0.00034722222222222224 1.0512122593739737 0.01237838707245779 1.0 1.0
2455680.6095558335 0.00034722222222222224 1.0716883887559558 0.009790172960518404 1.0 1.0
2455680.6100187963 0.00034722222222222224 1.0545106879126587 0.009585100719708743 1.0 1.0
2455680.6104817595 0.00034722222222222224 1.0650566796592542 0.011020579092067932 1.0 1.0
2455680.6109447223 0.00034722222222222224 1.06463672641078 0.00898714593894494 1.0 1.0
2455680.6114076856 0.00034722222222222224 1.0589146792737363 0.008507242639491359 1.0 1.0
2455680.6118706483 0.00034722222222222224 1.0649588077037293 0.010065589932953766 1.0 1.0
2455680.612333611 0.00034722222222222224 1.0604302733718072 0.010953257311670203 1.0 1.0
2455680.6127965744 0.00034722222222222224 1.0552497939885392 0.012349857014918624 1.0 1.0
2455680.613259537 0.00034722222222222224 1.0641881683932721 0.010912118503054988 1.0 1.0
2455680.6137225004 0.00034722222222222224 1.0657124370351658 0.009096831919328188 1.0 1.0
2455680.614185463 0.00034722222222222224 1.0779172025901194 0.010683480097899066 1.0 1.0
2455680.614648426 0.00034722222222222224 1.0776616731514546 0.00883833869517331 1.0 1.0
2455680.615111389 0.00034722222222222224 1.0637232180032574 0.011285388435222038 1.0 1.0
2455680.615574352 0.00034722222222222224 1.068601616030917 0.009644092885575488 1.0 1.0
2455680.616037315 0.00034722222222222224 1.0624859176940777 0.010273902966850918 1.0 1.0
2455680.616500278 0.00034722222222222224 1.0512676978040263 0.00994503811045121 1.0 1.0
2455680.616963241 0.00034722222222222224 1.0612961687495934 0.0103113598651748 1.0 1.0
2455680.617426204 0.00034722222222222224 1.058213687281124 0.009033871570849237 1.0 1.0
2455680.617889167 0.00034722222222222224 1.0375624076340146 0.010532408696717281 1.0 1.0
2455680.61835213 0.00034722222222222224 1.052399376296015 0.01152672463195641 1.0 1.0
2455680.618815093 0.00034722222222222224 1.0328550602070568 0.009708866598884413 1.0 1.0
2455680.6192780556 0.00034722222222222224 1.033862738181302 0.010737365585433447 1.0 1.0
2455680.619741019 0.00034722222222222224 1.0252410005397075 0.010418098132095998 1.0 1.0
2455680.6202039816 0.00034722222222222224 1.0172904366687934 0.012522270561507329 1.0 1.0
2455680.6206669444 0.00034722222222222224 1.023652473470887 0.00975950176034341 1.0 1.0
2455680.6211299077 0.00034722222222222224 1.0058864814872692 0.010438958407195624 1.0 1.0
2455680.6215928704 0.00034722222222222224 1.0264360561747803 0.008606315334370196 1.0 1.0
2455680.6220558337 0.00034722222222222224 1.0203109674196893 0.011536551097855166 1.0 1.0
2455680.6225187965 0.00034722222222222224 1.0382325169603552 0.011860110840376168 1.0 1.0
2455680.6229817593 0.00034722222222222224 1.0266314785381956 0.009538478636758973 1.0 1.0
2455680.6234447225 0.00034722222222222224 1.0280936328862826 0.009106736002777905 1.0 1.0
2455680.6239076853 0.00034722222222222224 1.0421741821249548 0.010344048103427768 1.0 1.0
2455680.6243706485 0.00034722222222222224 1.0287085132390072 0.010104851645301057 1.0 1.0
2455680.6248336113 0.00034722222222222224 1.0419877393303845 0.009098941434701436 1.0 1.0
2455680.625296574 0.00034722222222222224 1.0535165328145752 0.009693812243450216 1.0 1.0
2455680.6257595373 0.00034722222222222224 1.069751204617227 0.011998329203083458 1.0 1.0
2455680.6262225 0.00034722222222222224 1.0530498880467718 0.009261517181665778 1.0 1.0
2455680.6266854634 0.00034722222222222224 1.0645160819868518 0.010636630738643512 1.0 1.0
2455680.627148426 0.00034722222222222224 1.0635093274805012 0.01027851264329239 1.0 1.0
2455680.627611389 0.00034722222222222224 1.059865648902292 0.010194127072016591 1.0 1.0
2455680.628074352 0.00034722222222222224 1.070883755724194 0.010044933057772916 1.0 1.0
2455680.628537315 0.00034722222222222224 1.0783923113954852 0.00989220117477672 1.0 1.0
2455680.629000278 0.00034722222222222224 1.0561940946520643 0.01087525154357265 1.0 1.0
2455680.629463241 0.00034722222222222224 1.0692622582393096 0.00987269146693006 1.0 1.0
2455680.6299262038 0.00034722222222222224 1.065134596664006 0.010473371452038513 1.0 1.0
2455680.630389167 0.00034722222222222224 1.0595238695207125 0.012159321669743336 1.0 1.0
2455680.63085213 0.00034722222222222224 1.0726969170616925 0.01080012219040546 1.0 1.0
2455680.6313150926 0.00034722222222222224 1.0528639137256575 0.010086966474791783 1.0 1.0
2455680.631778056 0.00034722222222222224 1.0456277526614532 0.010068669543999514 1.0 1.0
2455680.6322410186 0.00034722222222222224 1.0870616243356732 0.011159382552570977 1.0 1.0
2455680.632703982 0.00034722222222222224 1.0677589346797673 0.009182487312700584 1.0 1.0
2455680.6331669446 0.00034722222222222224 1.065233378721748 0.011064936389146966 1.0 1.0
2455680.6336299074 0.00034722222222222224 1.059577912039683 0.00969252231569366 1.0 1.0
2455680.6340928706 0.00034722222222222224 1.059797078700283 0.010850927593286609 1.0 1.0
2455680.6345558334 0.00034722222222222224 1.0268408175652213 0.01050746417855798 1.0 1.0
2455680.6350187967 0.00034722222222222224 1.056644494684084 0.012091999173092251 1.0 1.0
2455680.6354817594 0.00034722222222222224 1.0518057155809921 0.010084763535208246 1.0 1.0
2455680.635944722 0.00034722222222222224 1.0552044759378363 0.009071417061892236 1.0 1.0
2455680.6364076855 0.00034722222222222224 1.0502762742772063 0.010605381024540318 1.0 1.0
2455680.6368706482 0.00034722222222222224 1.054833303983893 0.010071372611322505 1.0 1.0
2455680.6373336115 0.00034722222222222224 1.0580294555556604 0.011376863882914376 1.0 1.0
2455680.6377965743 0.00034722222222222224 1.0371877077425429 0.009508282204711891 1.0 1.0
2455680.638259537 0.00034722222222222224 1.058030136920768 0.009702700623547026 1.0 1.0
2455680.6387225003 0.00034722222222222224 1.041717819003451 0.011228747737031735 1.0 1.0
2455680.639185463 0.00034722222222222224 1.0522733467256777 0.010246975818944383 1.0 1.0
2455680.6396484263 0.00034722222222222224 1.022155680602934 0.011455323932452957 1.0 1.0
2455680.640111389 0.00034722222222222224 1.038984257326048 0.009846460984610759 1.0 1.0
2455680.640574352 0.00034722222222222224 1.049461862096689 0.008169121580922303 1.0 1.0
2455680.641037315 0.00034722222222222224 1.0395320335083433 0.009146470133406623 1.0 1.0
2455680.641500278 0.00034722222222222224 1.0596388568401092 0.011051943899515162 1.0 1.0
2455680.641963241 0.00034722222222222224 1.0391692432560458 0.011213379570886802 1.0 1.0
2455680.642426204 0.00034722222222222224 1.0465964602051039 0.00991372964539115 1.0 1.0
2455680.6428891667 0.00034722222222222224 1.024885475222712 0.008678300202705946 1.0 1.0
2455680.64335213 0.00034722222222222224 1.0453360463084391 0.009769246360918554 1.0 1.0
2455680.6438150927 0.00034722222222222224 1.0199874849761859 0.009196275781203347 1.0 1.0
2455680.6442780555 0.00034722222222222224 1.0379983834623592 0.009327150219357176 1.0 1.0
2455680.644741019 0.00034722222222222224 1.014464610021866 0.010651559846378052 1.0 1.0
2455680.6452039815 0.00034722222222222224 1.0435981590750147 0.010846306151772248 1.0 1.0
2455680.645666945 0.00034722222222222224 1.0053126460573991 0.011009229366484248 1.0 1.0
2455680.6461299076 0.00034722222222222224 1.0441915667791728 0.010506176915453608 1.0 1.0
2455680.6465928704 0.00034722222222222224 1.024812441600273 0.01009455333988106 1.0 1.0
2455680.6470558336 0.00034722222222222224 1.033333112933542 0.01015218520314444 1.0 1.0
2455680.6475187964 0.00034722222222222224 1.0197170108770124 0.0083804001660739 1.0 1.0
2455680.6479817596 0.00034722222222222224 1.0209428166196113 0.009524197898983297 1.0 1.0
2455680.6484447224 0.00034722222222222224 1.01467280033705 0.010958146893053106 1.0 1.0
2455680.648907685 0.00034722222222222224 1.0157352091134109 0.009880322230358448 1.0 1.0
2455680.6493706484 0.00034722222222222224 1.010721850965516 0.010286294367751933 1.0 1.0
2455680.649833611 0.00034722222222222224 1.0115743626666225 0.009135734148792984 1.0 1.0
2455680.6502965745 0.00034722222222222224 1.0071817882316245 0.009742872120599218 1.0 1.0
2455680.6507595372 0.00034722222222222224 1.018688914783713 0.012246893697467733 1.0 1.0
2455680.6512225 0.00034722222222222224 1.0140896795604577 0.009350542845766967 1.0 1.0
2455680.6516854633 0.00034722222222222224 1.0238989060857402 0.011489830985261492 1.0 1.0
2455680.652148426 0.00034722222222222224 1.0272781799959332 0.009956434823168577 1.0 1.0
2455680.6526113893 0.00034722222222222224 1.016292894674122 0.008787090410361667 1.0 1.0
2455680.653074352 0.00034722222222222224 1.0204741231003878 0.010766111855185556 1.0 1.0
2455680.653537315 0.00034722222222222224 0.9792201925665808 0.01206648363179932 1.0 1.0
2455680.654000278 0.00034722222222222224 0.9969002154378419 0.010828310491966515 1.0 1.0
2455680.654463241 0.00034722222222222224 1.0120289410052798 0.009987081318254922 1.0 1.0
2455680.654926204 0.00034722222222222224 1.0132176570629003 0.008865021103414417 1.0 1.0
2455680.655389167 0.00034722222222222224 0.9978650674807816 0.01053200607729512 1.0 1.0
2455680.6558521297 0.00034722222222222224 1.0284986963215346 0.011262138293111715 1.0 1.0
2455680.656315093 0.00034722222222222224 1.0113167874967939 0.01042811275265106 1.0 1.0
2455680.6567780557 0.00034722222222222224 0.9988890536775743 0.010228907728013565 1.0 1.0
2455680.6572410185 0.00034722222222222224 1.0126638634601068 0.009103351399620433 1.0 1.0
2455680.6577039817 0.00034722222222222224 1.0114472336163085 0.009655717786364476 1.0 1.0
2455680.6581669445 0.00034722222222222224 1.0156752553030377 0.01078914310893599 1.0 1.0
2455680.6586299078 0.00034722222222222224 1.0080734622860388 0.009273326554677806 1.0 1.0
2455680.6590928705 0.00034722222222222224 1.0080206727294658 0.01104028271720352 1.0 1.0
2455680.6595558333 0.00034722222222222224 0.9904945235423389 0.010268401112045961 1.0 1.0
2455680.6600187966 0.00034722222222222224 0.9836998741055566 0.012361383024085695 1.0 1.0
2455680.6604817593 0.00034722222222222224 1.0008284025612333 0.009978202957963133 1.0 1.0
2455680.6609447226 0.00034722222222222224 0.9967102145098022 0.00855140979736594 1.0 1.0
2455680.6614076854 0.00034722222222222224 0.9969737187074458 0.010993287917636433 1.0 1.0
2455680.661870648 0.00034722222222222224 0.9789293695532388 0.008441672547023958 1.0 1.0
2455680.6623336114 0.00034722222222222224 1.0030191244675999 0.00942054714590071 1.0 1.0
2455680.662796574 0.00034722222222222224 1.0078600138767393 0.009301045586235361 1.0 1.0
2455680.6632595374 0.00034722222222222224 0.9993860466980163 0.009598832489578655 1.0 1.0
2455680.6637225 0.00034722222222222224 0.9831841871510177 0.009878711653013668 1.0 1.0
2455680.664185463 0.00034722222222222224 0.9843319384170316 0.011327448174424727 1.0 1.0
2455680.664648426 0.00034722222222222224 1.0044658192118294 0.010805340991915054 1.0 1.0
2455680.665111389 0.00034722222222222224 1.0019523425302568 0.01101283912174212 1.0 1.0
2455680.6655743523 0.00034722222222222224 0.9849750353826026 0.01020701566575153 1.0 1.0
2455680.666037315 0.00034722222222222224 0.9912822024225153 0.01019335626891848 1.0 1.0
2455680.666500278 0.00034722222222222224 0.9915340389991227 0.009417096483563273 1.0 1.0
2455680.666963241 0.00034722222222222224 1.0177521072625177 0.010908038559994502 1.0 1.0
2455680.667426204 0.00034722222222222224 0.9731308897080589 0.010457155588874681 1.0 1.0
2455680.667889167 0.00034722222222222224 0.986243288959291 0.00828750954798653 1.0 1.0
2455680.66835213 0.00034722222222222224 0.9792885833152195 0.008975362570330391 1.0 1.0
2455680.6688150926 0.00034722222222222224 0.9824777258112494 0.010265348981880685 1.0 1.0
2455680.669278056 0.00034722222222222224 0.9887215351875436 0.008622782908742334 1.0 1.0
2455680.6697410187 0.00034722222222222224 0.978671707060386 0.009123256344888569 1.0 1.0
2455680.6702039815 0.00034722222222222224 1.0026826365506194 0.009925373238570156 1.0 1.0
2455680.6706669447 0.00034722222222222224 0.9696149181715631 0.011143457230004851 1.0 1.0
2455680.6711299075 0.00034722222222222224 0.9984329702365178 0.010761640801966134 1.0 1.0
2455680.6715928707 0.00034722222222222224 0.9799443131211995 0.00977364965406545 1.0 1.0
2455680.6720558335 0.00034722222222222224 0.998882585322971 0.010723918678649655 1.0 1.0
2455680.6725187963 0.00034722222222222224 0.9944940121197574 0.010824499155133161 1.0 1.0
2455680.6729817595 0.00034722222222222224 0.9973473711304284 0.010787508130885685 1.0 1.0
2455680.6734447223 0.00034722222222222224 0.980821585033414 0.010665791574033986 1.0 1.0
2455680.6739076856 0.00034722222222222224 0.9799266711050363 0.010491012419365685 1.0 1.0
2455680.6743706483 0.00034722222222222224 0.9892806572437606 0.009751236824566273 1.0 1.0
2455680.674833611 0.00034722222222222224 0.9758524479860589 0.010129787097341426 1.0 1.0
2455680.6752965744 0.00034722222222222224 0.9477178891720798 0.010877479837860528 1.0 1.0
2455680.675759537 0.00034722222222222224 0.9244896375219392 0.008586579981136083 1.0 1.0
2455680.6762225004 0.00034722222222222224 0.8956169085723173 0.008883155797920752 1.0 1.0
2455680.676685463 0.00034722222222222224 0.8551531573233053 0.008150706235101503 1.0 1.0
2455680.677148426 0.00034722222222222224 0.8371813492360946 0.008725924778454552 1.0 1.0
2455680.677611389 0.00034722222222222224 0.8003111864617128 0.00864510963328791 1.0 1.0
2455680.678074352 0.00034722222222222224 0.7636746925997231 0.007962821192609092 1.0 1.0
2455680.678537315 0.00034722222222222224 0.7264650505607435 0.00691789333781938 1.0 1.0
2455680.679000278 0.00034722222222222224 0.7151797359912009 0.007410227266281053 1.0 1.0
2455680.679463241 0.00034722222222222224 0.681599921671243 0.006740485961555026 1.0 1.0
2455680.679926204 0.00034722222222222224 0.6572587238555121 0.006236615938622022 1.0 1.0
2455680.680389167 0.00034722222222222224 0.6546534749888253 0.006570175549516562 1.0 1.0
2455680.68085213 0.00034722222222222224 0.6590583175761398 0.007722750785057345 1.0 1.0
2455680.681315093 0.00034722222222222224 0.6723195035359736 0.007665352905179255 1.0 1.0
2455680.6817780556 0.00034722222222222224 0.666772048245418 0.006189114984970622 1.0 1.0
2455680.682241019 0.00034722222222222224 0.7003157469488627 0.006983027635790861 1.0 1.0
2455680.6827039816 0.00034722222222222224 0.7211060171548102 0.007737881385816331 1.0 1.0
2455680.6831669444 0.00034722222222222224 0.7631419921557224 0.007429159439988384 1.0 1.0
2455680.6836299077 0.00034722222222222224 0.7960325928117598 0.008435366206793818 1.0 1.0
2455680.6840928704 0.00034722222222222224 0.8228759696570968 0.00839731395327426 1.0 1.0
2455680.6845558337 0.00034722222222222224 0.8604896367406171 0.007837298780644758 1.0 1.0
2455680.6850187965 0.00034722222222222224 0.8985853957967606 0.009443926766215492 1.0 1.0
2455680.6854817593 0.00034722222222222224 0.9086007411090105 0.008140173366633729 1.0 1.0
2455680.6859447225 0.00034722222222222224 0.9509723353104487 0.007236180466131408 1.0 1.0
2455680.6864076853 0.00034722222222222224 0.9777724366560415 0.009817137694013631 1.0 1.0
2455680.6868706485 0.00034722222222222224 0.9931224283449301 0.010652429988356018 1.0 1.0
2455680.6873336113 0.00034722222222222224 0.9816722027225254 0.009407221288644706 1.0 1.0
2455680.687796574 0.00034722222222222224 0.970077601930942 0.010721349397939747 1.0 1.0
2455680.6882595373 0.00034722222222222224 0.9805231519872558 0.01093422144999288 1.0 1.0
2455680.6887225 0.00034722222222222224 0.9892084511523958 0.008764627203192647 1.0 1.0
2455680.6891854634 0.00034722222222222224 1.0003313969674161 0.009751912691401287 1.0 1.0
2455680.689648426 0.00034722222222222224 0.9959889000862397 0.009141359732807549 1.0 1.0
2455680.690111389 0.00034722222222222224 1.000179331941953 0.009519735252632056 1.0 1.0
2455680.690574352 0.00034722222222222224 0.9916303628420865 0.009904027078992997 1.0 1.0
2455680.691037315 0.00034722222222222224 1.0040116811217872 0.01054064363947321 1.0 1.0
2455680.691500278 0.00034722222222222224 0.9873802651184403 0.009270719793162664 1.0 1.0
2455680.691963241 0.00034722222222222224 0.9977366830027207 0.008879640256443657 1.0 1.0
2455680.6924262038 0.00034722222222222224 0.999249873989597 0.009617708985361068 1.0 1.0
2455680.692889167 0.00034722222222222224 0.9931751623234775 0.009816928849785063 1.0 1.0
2455680.69335213 0.00034722222222222224 0.9889646030475344 0.010788648018449469 1.0 1.0
2455680.6938150926 0.00034722222222222224 1.0047860539302953 0.008254648654533526 1.0 1.0
2455680.694278056 0.00034722222222222224 0.9941940774514184 0.009091111172881727 1.0 1.0
2455680.6947410186 0.00034722222222222224 0.9887719738863163 0.011380251298427168 1.0 1.0
2455680.695203982 0.00034722222222222224 0.9999650045338803 0.011669065524931225 1.0 1.0
2455680.6956669446 0.00034722222222222224 0.9807620598361554 0.011921075603645359 1.0 1.0
2455680.6961299074 0.00034722222222222224 0.9928259947526579 0.011167174757769982 1.0 1.0
2455680.6965928706 0.00034722222222222224 0.9983612880002016 0.00985081113824035 1.0 1.0
2455680.6970558334 0.00034722222222222224 0.9909262775796535 0.00930942123893283 1.0 1.0
2455680.6975187967 0.00034722222222222224 0.9933738026170374 0.008545617880788886 1.0 1.0
2455680.6979817594 0.00034722222222222224 1.0000507139627859 0.011816153808354981 1.0 1.0
2455680.698444722 0.00034722222222222224 1.0044659337547321 0.008907994896165084 1.0 1.0
2455680.6989076855 0.00034722222222222224 0.9835249092994421 0.010417414540457248 1.0 1.0
2455680.6993706482 0.00034722222222222224 0.9959458162083269 0.010241599016344959 1.0 1.0
2455680.6998336115 0.00034722222222222224 0.9843284709205988 0.00940025816517258 1.0 1.0
2455680.7002965743 0.00034722222222222224 0.9750984936439627 0.010024252433002385 1.0 1.0
2455680.700759537 0.00034722222222222224 0.9938003093635988 0.01200790311044048 1.0 1.0
2455680.7012225003 0.00034722222222222224 0.995938418416681 0.01155767031355551 1.0 1.0
2455680.701685463 0.00034722222222222224 1.012404322808376 0.011577011038776397 1.0 1.0
2455680.7021484263 0.00034722222222222224 1.0087342788559777 0.011290874217132544 1.0 1.0
2455680.702611389 0.00034722222222222224 0.994725920569782 0.010373040371043873 1.0 1.0
2455680.703074352 0.00034722222222222224 1.0012394885751603 0.011526483717505365 1.0 1.0
2455680.703537315 0.00034722222222222224 1.0132128739352033 0.011094980873256291 1.0 1.0
2455680.704000278 0.00034722222222222224 0.9905470738909639 0.010753967896400532 1.0 1.0
2455680.704463241 0.00034722222222222224 0.9923779265841407 0.008143476738474351 1.0 1.0
2455680.704926204 0.00034722222222222224 0.9940445902650086 0.011241919039098446 1.0 1.0
2455680.7053891667 0.00034722222222222224 0.9986768585602415 0.009942307805562116 1.0 1.0
2455680.70585213 0.00034722222222222224 0.9935354132340675 0.009561426803640874 1.0 1.0
2455680.7063150927 0.00034722222222222224 1.0062187436776733 0.00908643402816973 1.0 1.0
2455680.7067780555 0.00034722222222222224 1.0269171736585045 0.011184924161935807 1.0 1.0
2455680.707241019 0.00034722222222222224 1.016519868651557 0.010977376150649403 1.0 1.0
2455680.7077039815 0.00034722222222222224 1.002076838392085 0.009574028099614232 1.0 1.0
2455680.708166945 0.00034722222222222224 1.007952379545754 0.010260889619235707 1.0 1.0
2455680.7086299076 0.00034722222222222224 1.008112897345606 0.00956665503211377 1.0 1.0
2455680.7090928704 0.00034722222222222224 1.0183836968473607 0.010473166090524648 1.0 1.0
2455680.7095558336 0.00034722222222222224 1.0318638481237337 0.009974130070650183 1.0 1.0
2455680.7100187964 0.00034722222222222224 1.027714981976074 0.009997621501699546 1.0 1.0
2455680.7104817596 0.00034722222222222224 1.0170722593635042 0.010783383387987424 1.0 1.0
2455680.7109447224 0.00034722222222222224 1.0221532516115077 0.010074330064512874 1.0 1.0
2455680.711407685 0.00034722222222222224 1.0065838745291749 0.009414512372705002 1.0 1.0
2455680.7118706484 0.00034722222222222224 1.02835821690005 0.011469325086362128 1.0 1.0
2455680.712333611 0.00034722222222222224 1.0229203168401713 0.007867552291252933 1.0 1.0
2455680.7127965745 0.00034722222222222224 1.028587512252755 0.009301234396071606 1.0 1.0
2455680.7132595372 0.00034722222222222224 1.015725084197074 0.009703804835326499 1.0 1.0
2455680.7137225 0.00034722222222222224 1.0130736681502053 0.010196109894209288 1.0 1.0
2455680.7141854633 0.00034722222222222224 1.0196166488244545 0.010526912891045027 1.0 1.0
2455680.714648426 0.00034722222222222224 1.0395351914494575 0.009351398815978842 1.0 1.0
2455680.7151113893 0.00034722222222222224 1.023931151845633 0.00972290054600722 1.0 1.0
2455680.715574352 0.00034722222222222224 1.0608725057123674 0.010828521611710313 1.0 1.0
2455680.716037315 0.00034722222222222224 1.0333112130638495 0.009970027268355003 1.0 1.0
